,latitude,longitude,last_updated_epoch,temperature_celsius,temperature_fahrenheit,wind_mph,wind_kph,wind_degree,pressure_mb,pressure_in,precip_mm,precip_in,humidity,cloud,feels_like_celsius,feels_like_fahrenheit,visibility_km,visibility_miles,uv_index,gust_mph,gust_kph,air_quality_Carbon_Monoxide,air_quality_Ozone,air_quality_Nitrogen_dioxide,air_quality_Sulphur_dioxide,air_quality_PM2.5,air_quality_PM10,air_quality_us-epa-index,air_quality_gb-defra-index,moon_illumination
latitude,1.0,-0.02103689218800028,-0.00039813070561288226,-0.011267229386019277,-0.01129692233630833,0.025953598113644335,0.02598258604594099,0.21770659193984587,-0.24054909776540048,-0.24102147648187025,0.002222107392658397,0.0036202632421997267,-0.21975756080088893,-0.07440180375036567,-0.06918380777788599,-0.06917051339600608,0.03737957242193108,0.038870547437369694,0.056612200735913706,0.02019918029675244,0.02025529853970919,-0.1565062075337306,0.4721307981035109,-0.030756680770407024,-0.06317412809408972,-0.15609174793075029,-0.14334646640427304,-0.1451542497165677,-0.11908673039227247,-0.0003520431951205357
longitude,-0.02103689218800028,1.0,0.0015219373223005577,0.050509137739676135,0.05047673081174673,-0.008736757244859844,-0.008709444873298016,0.011168090058914264,-0.2777982840843854,-0.27565656876767797,0.0176823633055385,0.01849962156470571,-0.03573109910348003,-0.00013032104610849243,0.029952229560828037,0.029948957212664128,0.08377230166477352,0.08587288289960669,-0.39991096169552554,0.010527076411569013,0.010525418823649163,0.06837711606591702,0.0480733283095073,0.1389030366066423,0.0753966484901655,0.001750860010115621,0.013598129739824712,0.07617385918334185,0.08884739968652651,0.00042791773686998185
last_updated_epoch,-0.00039813070561288226,0.0015219373223005577,1.0,0.08801083590697863,0.08805066497120968,0.015032397708672226,0.015037113398191321,0.03185903612861769,-0.10832255616851746,-0.10939235707501921,0.013523940251280972,0.013587117564776308,-0.02403634784235412,0.01462474226189033,0.0630233726268941,0.06305168365882416,-0.0007392270624700513,0.0044694749290973045,0.08362877153502908,0.003681779035614282,0.003661183295403074,-0.010700546899341233,0.03346822026309244,-0.024517948746191825,-0.001316281255947626,-0.013666133240736409,-0.02094411601325723,-0.01829450863897776,-0.014142635036323348,-0.04015260214394751
temperature_celsius,-0.011267229386019277,0.050509137739676135,0.08801083590697863,1.0,0.999996096964303,0.010216756302459244,0.01023485767505782,0.011712173741527469,-0.466548912368413,-0.4672738450656638,-0.06690133139707302,-0.06604919974382373,-0.4324900948873355,-0.267095616102457,0.956432314011769,0.9564358108575475,0.010278571508940522,0.008277604612438146,0.5086093620567763,0.035665060217265336,0.035686407158334515,-0.03683841816523637,0.19985141764307182,-0.03686666700592067,-0.012414990034293874,-0.056123706126333286,0.07891705625229715,0.10031405411226155,0.09598175108634778,-0.017556214226378965
temperature_fahrenheit,-0.01129692233630833,0.05047673081174673,0.08805066497120968,0.999996096964303,1.0,0.010290786755864985,0.010308914138327335,0.01172852964150758,-0.46654600996552814,-0.4672721607473759,-0.06686620910101768,-0.06601643575401586,-0.4324966037575724,-0.2671070356546066,0.9564247753814651,0.9564293836020211,0.01030193979397061,0.008300883934515146,0.5086102721775267,0.03572747783203651,0.03574880302589557,-0.036846695794582406,0.1998271451631615,-0.036831679384846175,-0.012440451609359632,-0.056124343515827464,0.0788907967546853,0.10028662158687096,0.09593458115112925,-0.017602762298873656
wind_mph,0.025953598113644335,-0.008736757244859844,0.015032397708672226,0.010216756302459244,0.010290786755864985,1.0,0.9999982366545169,0.02163668300335075,-0.013659948295536867,-0.01392293737198968,-0.013158580469039591,-0.01287071317495032,-0.03725026539804871,-0.012828660308416034,0.0074301925889221545,0.007449775950281609,-0.009175677696831627,-0.006459499418546277,0.04041177078323559,0.9820874817873625,0.9820907539584962,-0.030808221082987336,0.05326992918427661,-0.04605296351731712,-0.0442746339071186,-0.02627661989054379,-0.01626683914743948,-0.03768054823556555,-0.037866754957596505,0.016381763896186743
wind_kph,0.02598258604594099,-0.008709444873298016,0.015037113398191321,0.01023485767505782,0.010308914138327335,0.9999982366545169,1.0,0.021601522005144178,-0.01370239763428529,-0.013964546065482005,-0.013197962738867643,-0.012908273947374612,-0.0372909001125953,-0.0128486407484592,0.007443781781458307,0.007463348129726264,-0.009186465753006134,-0.00646236754780762,0.040441170745007915,0.9820875025605942,0.9820910445719586,-0.030818974712295066,0.05329061482236802,-0.046065724747069714,-0.0442866641589208,-0.026315810515026596,-0.016306537216618202,-0.03771169837471425,-0.03789545448690888,0.016361953216528027
wind_degree,0.21770659193984587,0.011168090058914264,0.03185903612861769,0.011712173741527469,0.01172852964150758,0.02163668300335075,0.021601522005144178,1.0,-0.10839048404308797,-0.10800590717255192,-0.004163359134601041,-0.003127957604048983,-0.11192639690119542,-0.06157458729010364,-0.020718623328003765,-0.020649370348977524,-0.09838728512185259,-0.0964287246399458,0.0940523662712954,0.02380029200013617,0.023841915147991465,-0.07946020867331842,0.18576378801787724,-0.07064268695885392,-0.08467373363155045,-0.044075152305353034,-0.02402590047037521,-0.04260141858738354,-0.04858366775857788,-0.05437484825518707
pressure_mb,-0.24054909776540048,-0.2777982840843854,-0.10832255616851746,-0.466548912368413,-0.46654600996552814,-0.013659948295536867,-0.01370239763428529,-0.10839048404308797,1.0,0.9980516088641158,-0.07054355376040408,-0.0704054145317316,0.07350731471142034,0.0476127393512603,-0.4494709088817553,-0.4495128367458126,0.023584135766819475,0.032705937749553854,-0.010458697191288403,-0.048026982694702784,-0.04805523527474319,-0.017238548232802565,-0.16452954432605532,-0.10047751588065723,-0.0428981211601089,-0.024438080488655187,-0.10242890465939246,-0.15393571823095104,-0.15269465247139785,0.0036958501979430145
pressure_in,-0.24102147648187025,-0.27565656876767797,-0.10939235707501921,-0.4672738450656638,-0.4672721607473759,-0.01392293737198968,-0.013964546065482005,-0.10800590717255192,0.9980516088641158,1.0,-0.07055660280992658,-0.07040342584593806,0.07273149395453932,0.04656316492408806,-0.45117835406738543,-0.4512221702407676,0.021655153912733,0.03087553162979739,-0.012083989436722712,-0.04844748780272686,-0.04847556648636551,-0.01609395616602794,-0.16470554493457945,-0.09878618134084856,-0.04117256378813353,-0.02340735406171094,-0.10145492930284143,-0.15159590825703612,-0.1502906327602847,0.003979137390556731
precip_mm,0.002222107392658397,0.0176823633055385,0.013523940251280972,-0.06690133139707302,-0.06686620910101768,-0.013158580469039591,-0.013197962738867643,-0.004163359134601041,-0.07054355376040408,-0.07055660280992658,1.0,0.9982856484017284,0.2164827649073472,0.22752752413019967,-0.024148097115030333,-0.024117360275410563,-0.06828659851769782,-0.08319131512945489,-0.1609798618519744,-0.00034861196879554506,-0.00034894746896904915,0.04112106561127904,-0.11048506657527556,0.011738228050978626,0.007242194760450676,0.006390019263233099,-0.018394875754736403,-0.007028959236537219,-0.0006004538817245747,0.029464067528657285
precip_in,0.0036202632421997267,0.01849962156470571,0.013587117564776308,-0.06604919974382373,-0.06601643575401586,-0.01287071317495032,-0.012908273947374612,-0.003127957604048983,-0.0704054145317316,-0.07040342584593806,0.9982856484017284,1.0,0.21239670051145418,0.22217889609854,-0.024143504887956874,-0.024112530823028867,-0.06742644596858284,-0.08238676750958204,-0.15733432320200344,-0.00019750751080036902,-0.00019817654475925284,0.04020789518066364,-0.1075630989305826,0.011863165571616357,0.007481600296514907,0.006446345320481752,-0.01759867025946638,-0.006448076769656445,-0.00028630236056352977,0.028735115788550144
humidity,-0.21975756080088893,-0.03573109910348003,-0.02403634784235412,-0.4324900948873355,-0.4324966037575724,-0.03725026539804871,-0.0372909001125953,-0.11192639690119542,0.07350731471142034,0.07273149395453932,0.2164827649073472,0.21239670051145418,1.0,0.5709831064607729,-0.25306868140118405,-0.2530672778588953,-0.020001323587923718,-0.03819550925968086,-0.590071821527457,-0.018527970258194356,-0.018569986070979927,0.1119329844243965,-0.5606428986009916,0.042166558825576864,0.03625850134514781,0.0462636224918538,-0.06815221959416616,-0.0389476247696924,-0.022395875699641257,0.01982189462838951
cloud,-0.07440180375036567,-0.00013032104610849243,0.01462474226189033,-0.267095616102457,-0.2671070356546066,-0.012828660308416034,-0.0128486407484592,-0.06157458729010364,0.0476127393512603,0.04656316492408806,0.22752752413019967,0.22217889609854,0.5709831064607729,1.0,-0.17779843708039178,-0.17774681075692425,0.02723112786258449,0.005822483509060848,-0.3870739645706777,-0.004973444397422551,-0.004979210851747722,0.021656110628669855,-0.35481395056775267,-0.051803115151678146,-0.060737439393854634,-0.034569003898525366,-0.10274877532540458,-0.1304402550332701,-0.11853922894692898,0.014727009614708221
feels_like_celsius,-0.06918380777788599,0.029952229560828037,0.0630233726268941,0.956432314011769,0.9564247753814651,0.0074301925889221545,0.007443781781458307,-0.020718623328003765,-0.4494709088817553,-0.45117835406738543,-0.024148097115030333,-0.024143504887956874,-0.25306868140118405,-0.17779843708039178,1.0,0.9999930171078114,0.026498379895253135,0.02332036717489292,0.39781625749817434,0.039119232866373116,0.0391330126770677,-0.012138269545684768,0.07746795245659452,-0.036918303495010005,-0.007895045909006039,-0.04698890200545581,0.06655398641411424,0.0933594836973995,0.0941543338798632,-0.014212194094874208
feels_like_fahrenheit,-0.06917051339600608,0.029948957212664128,0.06305168365882416,0.9564358108575475,0.9564293836020211,0.007449775950281609,0.007463348129726264,-0.020649370348977524,-0.4495128367458126,-0.4512221702407676,-0.024117360275410563,-0.024112530823028867,-0.2530672778588953,-0.17774681075692425,0.9999930171078114,1.0,0.02654529169152642,0.023362458426590706,0.3978352188054621,0.03912846906755035,0.039142231772616956,-0.012108385951332018,0.07745214077248508,-0.036888769098785947,-0.007907790154026947,-0.04699755064808064,0.06653989754855734,0.09335495600465762,0.0941261724555252,-0.01425563168648831
visibility_km,0.03737957242193108,0.08377230166477352,-0.0007392270624700513,0.010278571508940522,0.01030193979397061,-0.009175677696831627,-0.009186465753006134,-0.09838728512185259,0.023584135766819475,0.021655153912733,-0.06828659851769782,-0.06742644596858284,-0.020001323587923718,0.02723112786258449,0.026498379895253135,0.02654529169152642,1.0,0.9908919201792341,-0.057993772633660144,0.020994069995140363,0.021013517417756238,-0.13517387275066187,-0.03708702471377034,-0.08669049479658841,-0.07791798793775921,-0.1598680848304285,-0.1646174258413192,-0.16337036793932183,-0.1497919876111245,-0.01078807623585671
visibility_miles,0.038870547437369694,0.08587288289960669,0.0044694749290973045,0.008277604612438146,0.008300883934515146,-0.006459499418546277,-0.00646236754780762,-0.0964287246399458,0.032705937749553854,0.03087553162979739,-0.08319131512945489,-0.08238676750958204,-0.03819550925968086,0.005822483509060848,0.02332036717489292,0.023362458426590706,0.9908919201792341,1.0,-0.046090811441295745,0.020484126207314542,0.02050089916871072,-0.14761463874994402,-0.0256213276500036,-0.09993025080969525,-0.08718444671308297,-0.1739799503593545,-0.17995415694238787,-0.17900209019853816,-0.16453422014696814,-0.014061253122086684
uv_index,0.056612200735913706,-0.39991096169552554,0.08362877153502908,0.5086093620567763,0.5086102721775267,0.04041177078323559,0.040441170745007915,0.0940523662712954,-0.010458697191288403,-0.012083989436722712,-0.1609798618519744,-0.15733432320200344,-0.590071821527457,-0.3870739645706777,0.39781625749817434,0.3978352188054621,-0.057993772633660144,-0.046090811441295745,1.0,0.015333600327118722,0.015354707759463833,-0.16314100695754344,0.40824893442381316,-0.20916342905856858,-0.15879404485826826,-0.06782780351112064,0.03725497964284145,-0.04227002622616805,-0.06607349284709954,-0.0034969648309159077
gust_mph,0.02019918029675244,0.010527076411569013,0.003681779035614282,0.035665060217265336,0.03572747783203651,0.9820874817873625,0.9820875025605942,0.02380029200013617,-0.048026982694702784,-0.04844748780272686,-0.00034861196879554506,-0.00019750751080036902,-0.018527970258194356,-0.004973444397422551,0.039119232866373116,0.03912846906755035,0.020994069995140363,0.020484126207314542,0.015333600327118722,1.0,0.999998679010535,-0.04117218728864536,0.07088658047180625,-0.05314048334807771,-0.05101286527377921,-0.02809501285360406,-0.006523489888139355,-0.0312442826335175,-0.029632043188006378,0.008959228549465311
gust_kph,0.02025529853970919,0.010525418823649163,0.003661183295403074,0.035686407158334515,0.03574880302589557,0.9820907539584962,0.9820910445719586,0.023841915147991465,-0.04805523527474319,-0.04847556648636551,-0.00034894746896904915,-0.00019817654475925284,-0.018569986070979927,-0.004979210851747722,0.0391330126770677,0.039142231772616956,0.021013517417756238,0.02050089916871072,0.015354707759463833,0.999998679010535,1.0,-0.041182798989330784,0.07091470450333001,-0.053168950658531534,-0.051038827254544325,-0.02811483933570636,-0.006535857667103556,-0.03125742379465241,-0.02963812770932522,0.009000676354223986
air_quality_Carbon_Monoxide,-0.1565062075337306,0.06837711606591702,-0.010700546899341233,-0.03683841816523637,-0.036846695794582406,-0.030808221082987336,-0.030818974712295066,-0.07946020867331842,-0.017238548232802565,-0.01609395616602794,0.04112106561127904,0.04020789518066364,0.1119329844243965,0.021656110628669855,-0.012138269545684768,-0.012108385951332018,-0.13517387275066187,-0.14761463874994402,-0.16314100695754344,-0.04117218728864536,-0.041182798989330784,1.0,-0.20067651752779703,0.6437722240342812,0.6019220537824883,0.7597785762119911,0.6869154139903416,0.5893238211277457,0.5231628743373634,-0.007880737705437083
air_quality_Ozone,0.4721307981035109,0.0480733283095073,0.03346822026309244,0.19985141764307182,0.1998271451631615,0.05326992918427661,0.05329061482236802,0.18576378801787724,-0.16452954432605532,-0.16470554493457945,-0.11048506657527556,-0.1075630989305826,-0.5606428986009916,-0.35481395056775267,0.07746795245659452,0.07745214077248508,-0.03708702471377034,-0.0256213276500036,0.40824893442381316,0.07088658047180625,0.07091470450333001,-0.20067651752779703,1.0,-0.22038013957644184,-0.14325716037864664,-0.08676666742130396,-0.010864817201219996,-0.0013258686917894883,0.014111446596601396,0.0028887146314611222
air_quality_Nitrogen_dioxide,-0.030756680770407024,0.1389030366066423,-0.024517948746191825,-0.03686666700592067,-0.036831679384846175,-0.04605296351731712,-0.046065724747069714,-0.07064268695885392,-0.10047751588065723,-0.09878618134084856,0.011738228050978626,0.011863165571616357,0.042166558825576864,-0.051803115151678146,-0.036918303495010005,-0.036888769098785947,-0.08669049479658841,-0.09993025080969525,-0.20916342905856858,-0.05314048334807771,-0.053168950658531534,0.6437722240342812,-0.22038013957644184,1.0,0.7970998390151063,0.6065472665132707,0.541163329924069,0.6420489933691118,0.6249927383983375,-0.008806382745243705
air_quality_Sulphur_dioxide,-0.06317412809408972,0.0753966484901655,-0.001316281255947626,-0.012414990034293874,-0.012440451609359632,-0.0442746339071186,-0.0442866641589208,-0.08467373363155045,-0.0428981211601089,-0.04117256378813353,0.007242194760450676,0.007481600296514907,0.03625850134514781,-0.060737439393854634,-0.007895045909006039,-0.007907790154026947,-0.07791798793775921,-0.08718444671308297,-0.15879404485826826,-0.05101286527377921,-0.051038827254544325,0.6019220537824883,-0.14325716037864664,0.7970998390151063,1.0,0.5115024707879716,0.4606437992649173,0.6272315485906983,0.6370836196489522,-0.0043183618990607535
air_quality_PM2.5,-0.15609174793075029,0.001750860010115621,-0.013666133240736409,-0.056123706126333286,-0.056124343515827464,-0.02627661989054379,-0.026315810515026596,-0.044075152305353034,-0.024438080488655187,-0.02340735406171094,0.006390019263233099,0.006446345320481752,0.0462636224918538,-0.034569003898525366,-0.04698890200545581,-0.04699755064808064,-0.1598680848304285,-0.1739799503593545,-0.06782780351112064,-0.02809501285360406,-0.02811483933570636,0.7597785762119911,-0.08676666742130396,0.6065472665132707,0.5115024707879716,1.0,0.9302300345444776,0.7111979775633549,0.6334441308099918,-0.016508572736463775
air_quality_PM10,-0.14334646640427304,0.013598129739824712,-0.02094411601325723,0.07891705625229715,0.0788907967546853,-0.01626683914743948,-0.016306537216618202,-0.02402590047037521,-0.10242890465939246,-0.10145492930284143,-0.018394875754736403,-0.01759867025946638,-0.06815221959416616,-0.10274877532540458,0.06655398641411424,0.06653989754855734,-0.1646174258413192,-0.17995415694238787,0.03725497964284145,-0.006523489888139355,-0.006535857667103556,0.6869154139903416,-0.010864817201219996,0.541163329924069,0.4606437992649173,0.9302300345444776,1.0,0.7560218182881802,0.6782653534535165,-0.01051661082402316
air_quality_us-epa-index,-0.1451542497165677,0.07617385918334185,-0.01829450863897776,0.10031405411226155,0.10028662158687096,-0.03768054823556555,-0.03771169837471425,-0.04260141858738354,-0.15393571823095104,-0.15159590825703612,-0.007028959236537219,-0.006448076769656445,-0.0389476247696924,-0.1304402550332701,0.0933594836973995,0.09335495600465762,-0.16337036793932183,-0.17900209019853816,-0.04227002622616805,-0.0312442826335175,-0.03125742379465241,0.5893238211277457,-0.0013258686917894883,0.6420489933691118,0.6272315485906983,0.7111979775633549,0.7560218182881802,1.0,0.9443424650035137,0.001886630250525417
air_quality_gb-defra-index,-0.11908673039227247,0.08884739968652651,-0.014142635036323348,0.09598175108634778,0.09593458115112925,-0.037866754957596505,-0.03789545448690888,-0.04858366775857788,-0.15269465247139785,-0.1502906327602847,-0.0006004538817245747,-0.00028630236056352977,-0.022395875699641257,-0.11853922894692898,0.0941543338798632,0.0941261724555252,-0.1497919876111245,-0.16453422014696814,-0.06607349284709954,-0.029632043188006378,-0.02963812770932522,0.5231628743373634,0.014111446596601396,0.6249927383983375,0.6370836196489522,0.6334441308099918,0.6782653534535165,0.9443424650035137,1.0,0.0039833379582863175
moon_illumination,-0.0003520431951205357,0.00042791773686998185,-0.04015260214394751,-0.017556214226378965,-0.017602762298873656,0.016381763896186743,0.016361953216528027,-0.05437484825518707,0.0036958501979430145,0.003979137390556731,0.029464067528657285,0.028735115788550144,0.01982189462838951,0.014727009614708221,-0.014212194094874208,-0.01425563168648831,-0.01078807623585671,-0.014061253122086684,-0.0034969648309159077,0.008959228549465311,0.009000676354223986,-0.007880737705437083,0.0028887146314611222,-0.008806382745243705,-0.0043183618990607535,-0.016508572736463775,-0.01051661082402316,0.001886630250525417,0.0039833379582863175,1.0
